data <- c(1,2,3)
data2<- c(5,6)